1.674646035
1.79484118
1.923663146
2.061731111
2.209708691
2.368307135
2.538288739
2.72047051
2.915728099
3.125
3.34929207
3.589682359
3.847326292
4.123462221
4.419417382
4.73661427
5.076577477
5.440941021
5.831456197
6.25
6.698584141
7.179364719
7.694652583
8.246924442
8.838834765
9.473228541
10.15315495
10.88188204
11.66291239
12.5
13.39716828
14.35872944
15.38930517
16.49384888
17.67766953
18.94645708
20.30630991
21.76376408
23.32582479
25
26.79433656
28.71745887
30.77861033
32.98769777
35.35533906
37.89291416
40.61261982
43.52752816
46.65164958
50
53.58867313
57.43491775
61.55722067
65.97539554
70.71067812
75.78582833
81.22523964
87.05505633
93.30329915
100